4 0.038461538461538464
4 0.07692307692307693
9 0.11538461538461539
11 0.15384615384615385
14 0.19230769230769232
16 0.23076923076923078
19 0.2692307692307692
29 0.3076923076923077
30 0.34615384615384615
38 0.38461538461538464
44 0.4230769230769231
45 0.46153846153846156
47 0.5
57 0.5384615384615384
64 0.5769230769230769
66 0.6153846153846154
67 0.6538461538461539
67 0.6923076923076923
68 0.7307692307692307
68 0.7692307692307693
69 0.8076923076923077
74 0.8461538461538461
80 0.8846153846153846
84 0.9230769230769231
93 0.9615384615384616
